[15688671,
 9729502,
 249937325,
 39410830,
 17901930,
 261546340,
 14191164,
 6086662,
 3330,
 2578011,
 7581582,
 167499429,
 94685136,
 52695559,
 14679953,
 14526582,
 677753,
 19251886,
 21214074,
 14530191,
 17726339,
 223330617,
 7518362,
 32453,
 256678175,
 16031604,
 5723102,
 10226282,
 55812310,
 13447612,
 24100292,
 19736239,
 101801283,
 6946142,
 8291382,
 48093353,
 18204430,
 25394997,
 7536692,
 14482074,
 245945495,
 13409772,
 17727888,
 211949738,
 112962217,
 31452970,
 19564839,
 14633214,
 73685999,
 161425541,
 760030,
 248681181,
 22042254,
 26017204,
 18212523,
 26450574,
 7664642,
 15214905,
 57353510,
 5834352,
 30115414,
 7541302,
 17658890,
 14113407,
 14412030,
 213353686,
 6214082,
 13821902,
 24659495,
 22662566,
 7934512,
 2371631,
 66023,
 76966145,
 156375940,
 129030001,
 14083355,
 22301442,
 14492722,
 2353,
 121483246,
 72980155,
 17621965,
 183749519,
 47982197,
 14049526,
 35816344,
 17194029,
 31495004,
 41411164,
 48797251,
 137780739,
 53126140,
 99125208,
 26913669,
 15311577,
 14711282,
 40284774,
 11171362,
 19601328,
 140953048,
 25789207,
 136879221,
 16659963,
 66427208,
 8388792,
 16022957,
 14037282,
 10792,
 50753292,
 78398740,
 131563491,
 128690182,
 9406982,
 8880932,
 14105308,
 15654816,
 125790659,
 11186222,
 8415132,
 511533,
 13106852,
 1101921,
 20217800,
 778518,
 13164692,
 14481820,
 21682534,
 24768692,
 110596545,
 21659695,
 1000591,
 9378862,
 35656947,
 413373,
 17445959,
 798274,
 15351161,
 95521184,
 11439872,
 62581962,
 5462062,
 18306861,
 85876153,
 27265676,
 27571396,
 723833,
 17235989,
 15772856,
 77793217,
 13634122,
 22870956,
 23655953,
 14295916,
 12297672,
 14061928,
 14886144,
 26058399,
 14276775,
 16753393,
 17982510,
 37843499,
 50081469,
 15368317,
 14525349,
 16676427,
 4064471,
 24038609,
 25070309,
 17742514,
 35264499,
 18499964,
 15990055,
 28094644,
 14576372,
 14238589,
 23271739,
 11184792,
 23586632,
 9107602,
 19376255,
 22421749,
 748913,
 5834702,
 17495507,
 14244309,
 5504542,
 21772901,
 14369303,
 14795384,
 9666022,
 14773400,
 5691602,
 2352121,
 787864,
 2703771,
 816812,
 12255212,
 30973]
